header: 
  seq: 970
  stamp: 
    secs: 1576758089
    nsecs: 202461831
  frame_id: "laser"
angle_min: -3.12413907051
angle_max: 3.14159274101
angle_increment: 0.0174532923847
time_increment: 0.000403383426601
scan_time: 0.144814655185
range_min: 0.15000000596
range_max: 12.0
ranges: [0.6190000176429749, 0.6169999837875366, 0.6169999837875366, 0.6190000176429749, 0.6190000176429749, 0.6200000047683716, 0.6230000257492065, 0.6230000257492065, 0.625, 0.625, 0.6269999742507935, 0.6299999952316284, 0.6309999823570251, 0.6330000162124634, 0.6359999775886536, 0.6370000243186951, 0.640999972820282, 0.6430000066757202, 0.6449999809265137, 0.6499999761581421, 0.6539999842643738, 0.6549999713897705, 1.0219999551773071, 1.0080000162124634, 1.1180000305175781, inf, 0.32100000977516174, 0.30399999022483826, 0.29600000381469727, 0.2879999876022339, 0.2619999945163727, 0.257999986410141, 0.2460000067949295, 0.23499999940395355, 0.22699999809265137, 0.21799999475479126, 0.20600000023841858, 0.20399999618530273, 0.2070000022649765, 0.20999999344348907, 0.21199999749660492, 0.2160000056028366, inf, 0.2160000056028366, 0.22499999403953552, inf, 0.23000000417232513, 0.2329999953508377, 0.23600000143051147, 0.23899999260902405, 0.23899999260902405, 0.2540000081062317, 0.25, 0.25600001215934753, 0.2630000114440918, inf, inf, inf, inf, inf, 1.4910000562667847, 1.496999979019165, 1.6579999923706055, 1.590999960899353, 1.5789999961853027, 1.5679999589920044, 1.5509999990463257, 1.5440000295639038, 1.5260000228881836, 1.5180000066757202, 1.5010000467300415, 1.4950000047683716, 1.4819999933242798, 1.4739999771118164, 1.465999960899353, 1.4500000476837158, 1.4470000267028809, 1.437000036239624, 1.434000015258789, 1.4270000457763672, 1.4149999618530273, 1.4140000343322754, 1.4110000133514404, 1.406000018119812, 1.4040000438690186, 1.3980000019073486, 1.3960000276565552, 1.3949999809265137, 1.3919999599456787, 1.3869999647140503, 1.3849999904632568, 1.4049999713897705, 1.406999945640564, 1.3969999551773071, 1.4420000314712524, inf, 1.4459999799728394, inf, 1.430999994277954, 1.4429999589920044, 1.4359999895095825, 1.4539999961853027, 1.465000033378601, inf, 1.4709999561309814, 1.4980000257492065, 1.4989999532699585, 1.4869999885559082, inf, 1.5069999694824219, 1.531999945640564, 1.5369999408721924, 1.562000036239624, 1.5299999713897705, inf, 2.697000026702881, inf, inf, inf, 1.7569999694824219, 1.649999976158142, 1.590000033378601, 1.5149999856948853, 1.5670000314712524, inf, 1.3769999742507935, 1.3849999904632568, 1.378000020980835, 1.3530000448226929, 1.3509999513626099, inf, 0.28200000524520874, 0.2750000059604645, 0.27000001072883606, 0.26600000262260437, 0.2639999985694885, inf, 0.2639999985694885, inf, 0.26600000262260437, 0.27000001072883606, inf, inf, inf, inf, 1.3420000076293945, 2.1059999465942383, inf, 1.1460000276565552, 1.1330000162124634, 1.13100004196167, 1.1369999647140503, 1.1390000581741333, inf, 1.1510000228881836, 1.1200000047683716, 1.1130000352859497, 1.1080000400543213, 1.0720000267028809, 0.9240000247955322, 0.9139999747276306, 0.8989999890327454, 0.8980000019073486, 0.8939999938011169, 0.8889999985694885, 0.8840000033378601, 0.8809999823570251, 0.875, 0.8709999918937683, 0.8659999966621399, 0.8679999709129333, 0.8560000061988831, 0.8529999852180481, 0.8539999723434448, 0.8529999852180481, 0.8519999980926514, 0.8489999771118164, 0.8460000157356262, 0.847000002861023, 0.8460000157356262, 0.8429999947547913, 0.8420000076293945, 0.8420000076293945, 0.843999981880188, 0.8460000157356262, 0.8450000286102295, 0.8460000157356262, 0.8489999771118164, 0.8489999771118164, 0.8510000109672546, 0.8539999723434448, 0.8560000061988831, 0.859000027179718, 0.8600000143051147, 0.8640000224113464, 0.8669999837875366, 0.8709999918937683, 0.875, 0.8790000081062317, 0.8859999775886536, 0.8889999985694885, 0.890999972820282, 0.8970000147819519, 0.9020000100135803, 0.9100000262260437, 0.9190000295639038, 0.925000011920929, 0.9350000023841858, 0.9390000104904175, 0.9480000138282776, 0.9570000171661377, 0.9670000076293945, 0.9729999899864197, 0.9860000014305115, 0.9940000176429749, 1.0080000162124634, 1.0180000066757202, 1.034999966621399, 1.0410000085830688, 1.059000015258789, 1.0789999961853027, 1.0889999866485596, 1.100000023841858, 1.11899995803833, 1.1460000276565552, 1.159999966621399, 1.1679999828338623, 1.2009999752044678, 1.2280000448226929, 1.24399995803833, 1.277999997138977, 1.2929999828338623, 1.3300000429153442, 1.350000023841858, 1.3869999647140503, 1.4110000133514404, 1.4559999704360962, 1.4809999465942383, 1.5329999923706055, 1.5570000410079956, 1.6100000143051147, 1.6399999856948853, 1.7109999656677246, 1.7419999837875366, 1.8109999895095825, 1.7879999876022339, 1.753000020980835, 1.74399995803833, 1.7300000190734863, 1.7230000495910645, 1.715999960899353, 1.7130000591278076, 1.7130000591278076, 1.7319999933242798, 1.7740000486373901, 1.8830000162124634, 1.9600000381469727, 1.934999942779541, 1.9299999475479126, 1.9220000505447388, 1.9179999828338623, 1.9110000133514404, 1.8960000276565552, 1.8880000114440918, 1.8869999647140503, 1.8819999694824219, 1.8949999809265137, 1.8600000143051147, 1.8569999933242798, 1.8539999723434448, 1.8530000448226929, 1.8519999980926514, 1.8459999561309814, 1.8459999561309814, 1.8300000429153442, 1.8220000267028809, 1.7640000581741333, 1.7660000324249268, 1.7710000276565552, 1.7769999504089355, 1.7890000343322754, 1.7940000295639038, 1.7949999570846558, 1.8049999475479126, 1.8070000410079956, 1.8220000267028809, 1.8250000476837158, 1.8339999914169312, 1.8450000286102295, 1.8609999418258667, 1.8669999837875366, 1.8839999437332153, 1.899999976158142, 1.909000039100647, 1.9279999732971191, 1.9429999589920044, 1.9589999914169312, 1.9789999723434448, 1.996000051498413, 2.0160000324249268, 2.061000108718872, 2.071000099182129, 2.115999937057495, 2.1029999256134033, inf, 1.1490000486373901, 1.1130000352859497, 1.1239999532699585, 0.8859999775886536, 0.8360000252723694, 0.7850000262260437, 0.7720000147819519, 0.7570000290870667, 0.7559999823570251, 0.7590000033378601, 0.8930000066757202, 0.8849999904632568, 0.8759999871253967, 0.8610000014305115, 0.8579999804496765, 0.8610000014305115, 0.8659999966621399, 0.9860000014305115, 0.9890000224113464, 0.9909999966621399, 0.9990000128746033, 1.0140000581741333, 1.0379999876022339, inf, 0.7960000038146973, 0.8009999990463257, 0.7680000066757202, 0.9330000281333923, 0.9210000038146973, 0.906000018119812, 0.902999997138977, 0.8960000276565552, 0.8939999938011169, 0.6869999766349792, 0.6800000071525574, 0.6729999780654907, 0.6710000038146973, 0.6650000214576721, 0.6620000004768372, 0.6570000052452087, 0.6539999842643738, 0.6510000228881836, 0.6460000276565552, 0.6439999938011169, 0.6399999856948853, 0.6380000114440918, 0.6349999904632568, 0.6330000162124634, 0.6320000290870667, 0.628000020980835, 0.628000020980835, 0.6259999871253967, 0.625, 0.6240000128746033, 0.6209999918937683]
intensities: [47.0, 47.0, 47.0, 47.0, 47.0, 47.0, 47.0, 47.0, 47.0, 47.0, 47.0, 47.0, 47.0, 47.0, 47.0, 47.0, 47.0, 47.0, 47.0, 47.0, 47.0, 47.0, 47.0, 47.0, 47.0, 0.0, 47.0, 47.0, 47.0, 47.0, 47.0, 47.0, 47.0, 47.0, 47.0, 47.0, 47.0, 47.0, 47.0, 47.0, 47.0, 47.0, 0.0, 47.0, 47.0, 0.0, 47.0, 47.0, 47.0, 47.0, 47.0, 47.0, 47.0, 47.0, 47.0, 0.0, 0.0, 0.0, 0.0, 0.0, 47.0, 47.0, 47.0, 47.0, 47.0, 47.0, 47.0, 47.0, 47.0, 47.0, 47.0, 47.0, 47.0, 47.0, 47.0, 47.0, 47.0, 47.0, 47.0, 47.0, 47.0, 47.0, 47.0, 47.0, 47.0, 47.0, 47.0, 47.0, 47.0, 47.0, 47.0, 47.0, 47.0, 47.0, 47.0, 0.0, 47.0, 0.0, 47.0, 47.0, 47.0, 47.0, 47.0, 0.0, 47.0, 47.0, 47.0, 47.0, 0.0, 47.0, 47.0, 47.0, 47.0, 47.0, 0.0, 47.0, 0.0, 0.0, 0.0, 47.0, 47.0, 47.0, 47.0, 47.0, 0.0, 47.0, 47.0, 47.0, 47.0, 47.0, 0.0, 47.0, 47.0, 47.0, 47.0, 47.0, 0.0, 47.0, 0.0, 47.0, 47.0, 0.0, 0.0, 0.0, 0.0, 47.0, 47.0, 0.0, 47.0, 47.0, 47.0, 47.0, 47.0, 0.0, 47.0, 47.0, 47.0, 47.0, 47.0, 47.0, 47.0, 47.0, 47.0, 47.0, 47.0, 47.0, 47.0, 47.0, 47.0, 47.0, 47.0, 47.0, 47.0, 47.0, 47.0, 47.0, 47.0, 47.0, 47.0, 47.0, 47.0, 47.0, 47.0, 47.0, 47.0, 47.0, 47.0, 47.0, 47.0, 47.0, 47.0, 47.0, 47.0, 47.0, 47.0, 47.0, 47.0, 47.0, 47.0, 47.0, 47.0, 47.0, 47.0, 47.0, 47.0, 47.0, 47.0, 47.0, 47.0, 47.0, 47.0, 47.0, 47.0, 47.0, 47.0, 47.0, 47.0, 47.0, 47.0, 47.0, 47.0, 47.0, 47.0, 47.0, 47.0, 47.0, 47.0, 47.0, 47.0, 47.0, 47.0, 47.0, 47.0, 47.0, 47.0, 47.0, 47.0, 47.0, 47.0, 47.0, 47.0, 47.0, 47.0, 47.0, 47.0, 47.0, 47.0, 47.0, 47.0, 47.0, 47.0, 47.0, 47.0, 47.0, 47.0, 47.0, 47.0, 47.0, 47.0, 47.0, 47.0, 47.0, 47.0, 47.0, 47.0, 47.0, 47.0, 47.0, 47.0, 47.0, 47.0, 47.0, 47.0, 47.0, 47.0, 47.0, 47.0, 47.0, 47.0, 47.0, 47.0, 47.0, 47.0, 47.0, 47.0, 47.0, 47.0, 47.0, 47.0, 47.0, 47.0, 47.0, 47.0, 47.0, 47.0, 47.0, 47.0, 47.0, 47.0, 47.0, 47.0, 47.0, 47.0, 47.0, 0.0, 47.0, 47.0, 47.0, 47.0, 47.0, 47.0, 47.0, 47.0, 47.0, 47.0, 47.0, 47.0, 47.0, 47.0, 47.0, 47.0, 47.0, 47.0, 47.0, 47.0, 47.0, 47.0, 47.0, 0.0, 47.0, 47.0, 47.0, 47.0, 47.0, 47.0, 47.0, 47.0, 47.0, 47.0, 47.0, 47.0, 47.0, 47.0, 47.0, 47.0, 47.0, 47.0, 47.0, 47.0, 47.0, 47.0, 47.0, 47.0, 47.0, 47.0, 47.0, 47.0, 47.0, 47.0, 47.0]
---
