header: 
  seq: 532
  stamp: 
    secs: 1576759093
    nsecs: 342302199
  frame_id: "laser"
angle_min: -3.12413907051
angle_max: 3.14159274101
angle_increment: 0.0174532923847
time_increment: 0.000377478194423
scan_time: 0.135514676571
range_min: 0.15000000596
range_max: 12.0
ranges: [0.4099999964237213, 0.40299999713897705, 0.3970000147819519, 0.39100000262260437, 0.3880000114440918, 0.38199999928474426, 0.3799999952316284, 0.37400001287460327, 0.3720000088214874, 0.367000013589859, 0.36500000953674316, 0.36000001430511475, 0.35499998927116394, 0.3490000069141388, 0.34599998593330383, 0.34299999475479126, 0.335999995470047, 0.32899999618530273, 0.32199999690055847, 0.3190000057220459, 0.30799999833106995, 0.3050000071525574, 0.3019999861717224, 0.29600000381469727, 0.29100000858306885, 0.28700000047683716, 0.2849999964237213, 0.2809999883174896, 0.27799999713897705, 0.2770000100135803, 0.2750000059604645, 0.27300000190734863, 0.27399998903274536, 0.27399998903274536, 0.27399998903274536, 0.27399998903274536, 0.2750000059604645, 0.27799999713897705, 0.2809999883174896, 0.28299999237060547, inf, 0.289000004529953, inf, 0.2980000078678131, 0.30399999022483826, 0.30799999833106995, 0.3149999976158142, 0.3179999887943268, 0.32499998807907104, 0.328000009059906, 0.3319999873638153, 0.33799999952316284, 0.34200000762939453, 0.3449999988079071, 0.3540000021457672, 0.3569999933242798, 0.36399999260902405, 0.367000013589859, 0.37400001287460327, 0.37599998712539673, 0.38199999928474426, 0.3869999945163727, 0.3889999985694885, 0.39399999380111694, 0.3959999978542328, 0.39800000190734863, 0.4020000100135803, 0.4059999883174896, 0.40700000524520874, 0.41100001335144043, 0.4129999876022339, inf, 0.3499999940395355, 0.3490000069141388, 0.35199999809265137, 0.3580000102519989, inf, 0.36399999260902405, 0.3700000047683716, 0.37599998712539673, 0.3840000033378601, 0.3869999945163727, 0.3919999897480011, 0.4000000059604645, 0.40400001406669617, 0.4129999876022339, 0.4169999957084656, 0.4269999861717224, 0.4309999942779541, 0.43700000643730164, 0.44999998807907104, 0.4569999873638153, 0.4699999988079071, 0.47699999809265137, 0.48500001430511475, 0.5009999871253967, 0.5090000033378601, 0.5260000228881836, 0.5400000214576721, 0.546999990940094, 0.5559999942779541, 0.574999988079071, 0.5849999785423279, inf, 0.8830000162124634, 0.9079999923706055, 1.3329999446868896, 1.25600004196167, inf, 1.3730000257492065, inf, 1.2100000381469727, inf, 1.3350000381469727, 1.2489999532699585, 1.7239999771118164, 1.1670000553131104, 1.1369999647140503, 1.13100004196167, 1.1119999885559082, 1.1080000400543213, 1.1089999675750732, 1.1069999933242798, 1.159999966621399, 1.1549999713897705, 1.1510000228881836, 1.1710000038146973, inf, 3.3499999046325684, 3.3399999141693115, 3.3420000076293945, 3.3359999656677246, 3.3429999351501465, 3.3410000801086426, inf, inf, 0.7609999775886536, inf, inf, inf, 1.1200000047683716, inf, 2.816999912261963, inf, 3.0989999771118164, inf, 2.8570001125335693, 2.878000020980835, 2.0239999294281006, 1.940000057220459, 1.8079999685287476, 1.7079999446868896, 1.6130000352859497, 1.5750000476837158, 1.496000051498413, 1.4589999914169312, 1.3980000019073486, 1.375, 1.3830000162124634, 1.0490000247955322, 1.0369999408721924, 1.027999997138977, 1.0199999809265137, inf, 1.0130000114440918, 1.0119999647140503, 1.0119999647140503, 1.0140000581741333, 1.0160000324249268, 1.0199999809265137, 1.0230000019073486, 0.656000018119812, 0.6499999761581421, 0.6520000100135803, 0.7490000128746033, 0.6380000114440918, inf, 1.0609999895095825, 1.0679999589920044, 1.0720000267028809, 1.0779999494552612, 1.0800000429153442, 1.0850000381469727, 1.090999960899353, inf, 0.8479999899864197, 0.8489999771118164, 0.8600000143051147, 0.8820000290870667, 1.1369999647140503, 2.4679999351501465, 2.440999984741211, 2.421999931335449, 2.382999897003174, 2.378000020980835, 2.884999990463257, 2.8429999351501465, 2.8239998817443848, 2.802000045776367, 2.819999933242798, 2.8399999141693115, 3.015000104904175, 3.0460000038146973, 3.0369999408721924, 3.0139999389648438, 2.996999979019165, 2.9860000610351562, 2.9660000801086426, 2.9590001106262207, 2.938999891281128, 2.938999891281128, 2.9119999408721924, 2.878999948501587, 2.875999927520752, 2.8570001125335693, 2.8499999046325684, 2.8499999046325684, 2.8519999980926514, 2.8320000171661377, 2.8269999027252197, 2.8299999237060547, 2.8310000896453857, 2.8489999771118164, inf, 1.6019999980926514, inf, inf, 0.2809999883174896, 0.2800000011920929, 0.27900001406669617, 0.2770000100135803, inf, 0.2759999930858612, 0.27300000190734863, 0.27300000190734863, 0.2720000147819519, 0.2709999978542328, 0.2709999978542328, 0.26899999380111694, inf, 0.2680000066757202, 0.2669999897480011, 0.2680000066757202, inf, 0.2669999897480011, 0.2669999897480011, inf, 0.2669999897480011, 0.2669999897480011, 0.2680000066757202, inf, 0.2669999897480011, 0.26899999380111694, 0.26899999380111694, 0.2669999897480011, inf, inf, inf, 0.9340000152587891, 0.9369999766349792, 0.9430000185966492, 0.8730000257492065, 0.9359999895095825, 0.8360000252723694, 0.9549999833106995, 0.9449999928474426, 0.9240000247955322, 0.9160000085830688, 0.8970000147819519, 0.8880000114440918, 0.8709999918937683, 0.8560000061988831, 0.847000002861023, 0.8360000252723694, 0.8289999961853027, 0.8169999718666077, 0.8040000200271606, 0.7860000133514404, 0.7400000095367432, 0.7250000238418579, 0.718999981880188, 0.7089999914169312, 0.7059999704360962, 0.6990000009536743, 0.6980000138282776, 0.6970000267028809, 0.7329999804496765, 0.7239999771118164, 0.7229999899864197, 0.7179999947547913, 0.7099999785423279, 0.7070000171661377, 0.7059999704360962, 0.699999988079071, 0.6970000267028809, 0.6940000057220459, 0.6899999976158142, 0.6880000233650208, 0.6840000152587891, 0.6830000281333923, 0.6779999732971191, 0.6779999732971191, 0.675000011920929, 0.671999990940094, 0.671999990940094, 0.6729999780654907, 0.6700000166893005, 0.6700000166893005, 0.6710000038146973, 0.6669999957084656, 0.6660000085830688, 0.6679999828338623, 0.6679999828338623, 0.6669999957084656, 0.6679999828338623, 0.6679999828338623, 0.6700000166893005, 0.6710000038146973, 0.5329999923706055, 0.5299999713897705, 0.5260000228881836, 0.5210000276565552, 0.5170000195503235, 0.5139999985694885, 0.5080000162124634, 0.5040000081062317, 0.5019999742507935, 0.49900001287460327, 0.4959999918937683, 0.49399998784065247, 0.492000013589859, 0.492000013589859, 0.4869999885559082, 0.48399999737739563, 0.4830000102519989, 0.48100000619888306, 0.47999998927116394, 0.4779999852180481, 0.47600001096725464, 0.4790000021457672, 0.48100000619888306, 0.48100000619888306, inf, 0.574999988079071, 0.5879999995231628, 0.5979999899864197, 0.6019999980926514, 0.6069999933242798, 0.5910000205039978, 0.5450000166893005, 0.5199999809265137, 0.5109999775886536, 0.49300000071525574, 0.47699999809265137, 0.460999995470047, 0.45399999618530273, 0.4410000145435333, 0.42899999022483826, 0.42399999499320984, 0.414000004529953]
intensities: [47.0, 47.0, 47.0, 47.0, 47.0, 47.0, 47.0, 47.0, 47.0, 47.0, 47.0, 47.0, 47.0, 47.0, 47.0, 47.0, 47.0, 47.0, 47.0, 47.0, 47.0, 47.0, 47.0, 47.0, 47.0, 47.0, 47.0, 47.0, 47.0, 47.0, 47.0, 47.0, 47.0, 47.0, 47.0, 47.0, 47.0, 47.0, 47.0, 47.0, 0.0, 47.0, 0.0, 47.0, 47.0, 47.0, 47.0, 47.0, 47.0, 47.0, 47.0, 47.0, 47.0, 47.0, 47.0, 47.0, 47.0, 47.0, 47.0, 47.0, 47.0, 47.0, 47.0, 47.0, 47.0, 47.0, 47.0, 47.0, 47.0, 47.0, 47.0, 0.0, 47.0, 47.0, 47.0, 47.0, 0.0, 47.0, 47.0, 47.0, 47.0, 47.0, 47.0, 47.0, 47.0, 47.0, 47.0, 47.0, 47.0, 47.0, 47.0, 47.0, 47.0, 47.0, 47.0, 47.0, 47.0, 47.0, 47.0, 47.0, 47.0, 47.0, 47.0, 0.0, 47.0, 47.0, 47.0, 47.0, 0.0, 47.0, 0.0, 47.0, 0.0, 47.0, 47.0, 47.0, 47.0, 47.0, 47.0, 47.0, 47.0, 47.0, 47.0, 47.0, 47.0, 47.0, 47.0, 0.0, 47.0, 47.0, 47.0, 47.0, 47.0, 47.0, 0.0, 0.0, 47.0, 0.0, 0.0, 0.0, 47.0, 0.0, 47.0, 0.0, 47.0, 0.0, 47.0, 47.0, 47.0, 47.0, 47.0, 47.0, 47.0, 47.0, 47.0, 47.0, 47.0, 47.0, 47.0, 47.0, 47.0, 47.0, 47.0, 0.0, 47.0, 47.0, 47.0, 47.0, 47.0, 47.0, 47.0, 47.0, 47.0, 47.0, 47.0, 47.0, 0.0, 47.0, 47.0, 47.0, 47.0, 47.0, 47.0, 47.0, 0.0, 47.0, 47.0, 47.0, 47.0, 47.0, 47.0, 47.0, 47.0, 47.0, 47.0, 47.0, 47.0, 47.0, 47.0, 47.0, 47.0, 47.0, 47.0, 47.0, 47.0, 47.0, 47.0, 47.0, 47.0, 47.0, 47.0, 47.0, 47.0, 47.0, 47.0, 47.0, 47.0, 47.0, 47.0, 47.0, 47.0, 47.0, 47.0, 0.0, 47.0, 0.0, 0.0, 47.0, 47.0, 47.0, 47.0, 0.0, 47.0, 47.0, 47.0, 47.0, 47.0, 47.0, 47.0, 0.0, 47.0, 47.0, 47.0, 0.0, 47.0, 47.0, 0.0, 47.0, 47.0, 47.0, 0.0, 47.0, 47.0, 47.0, 47.0, 0.0, 0.0, 0.0, 47.0, 47.0, 47.0, 47.0, 47.0, 47.0, 47.0, 47.0, 47.0, 47.0, 47.0, 47.0, 47.0, 47.0, 47.0, 47.0, 47.0, 47.0, 47.0, 47.0, 47.0, 47.0, 47.0, 47.0, 47.0, 47.0, 47.0, 47.0, 47.0, 47.0, 47.0, 47.0, 47.0, 47.0, 47.0, 47.0, 47.0, 47.0, 47.0, 47.0, 47.0, 47.0, 47.0, 47.0, 47.0, 47.0, 47.0, 47.0, 47.0, 47.0, 47.0, 47.0, 47.0, 47.0, 47.0, 47.0, 47.0, 47.0, 47.0, 47.0, 47.0, 47.0, 47.0, 47.0, 47.0, 47.0, 47.0, 47.0, 47.0, 47.0, 47.0, 47.0, 47.0, 47.0, 47.0, 47.0, 47.0, 47.0, 47.0, 47.0, 47.0, 47.0, 47.0, 47.0, 0.0, 47.0, 47.0, 47.0, 47.0, 47.0, 47.0, 47.0, 47.0, 47.0, 47.0, 47.0, 47.0, 47.0, 47.0, 47.0, 47.0, 47.0]
---
