header: 
  seq: 2837
  stamp: 
    secs: 1576758835
    nsecs: 838132725
  frame_id: "laser"
angle_min: -3.12413907051
angle_max: 3.14159274101
angle_increment: 0.0174532923847
time_increment: 0.000399793410907
scan_time: 0.143525823951
range_min: 0.15000000596
range_max: 12.0
ranges: [0.5099999904632568, 0.48500001430511475, 0.46799999475479126, 0.46000000834465027, 0.44600000977516174, 0.4259999990463257, 0.41999998688697815, 0.40700000524520874, 0.4020000100135803, 0.39100000262260437, 0.38199999928474426, 0.3779999911785126, 0.3700000047683716, 0.367000013589859, 0.3619999885559082, 0.35899999737739563, 0.35199999809265137, 0.3499999940395355, 0.3449999988079071, 0.34299999475479126, 0.3400000035762787, 0.33500000834465027, 0.3310000002384186, 0.32899999618530273, 0.32600000500679016, 0.32199999690055847, 0.3199999928474426, 0.31200000643730164, 0.3089999854564667, 0.3070000112056732, 0.3009999990463257, 0.29899999499320984, 0.29600000381469727, 0.2879999876022339, 0.2849999964237213, inf, 0.2770000100135803, 0.2669999897480011, 0.26499998569488525, 0.25999999046325684, inf, 0.25600001215934753, 0.2529999911785126, 0.25, 0.25200000405311584, inf, 0.25, inf, 0.24799999594688416, 0.24799999594688416, inf, 0.24899999797344208, 0.2529999911785126, 0.25200000405311584, 0.2549999952316284, 0.2590000033378601, 0.2619999945163727, 0.2680000066757202, 0.2709999978542328, 0.27399998903274536, 0.27799999713897705, 0.28200000524520874, 0.28999999165534973, 0.2980000078678131, 0.3019999861717224, 0.3059999942779541, 0.3140000104904175, 0.3179999887943268, 0.32199999690055847, 0.33000001311302185, 0.3400000035762787, 0.3440000116825104, 0.35199999809265137, 0.35600000619888306, 0.36000001430511475, 0.367000013589859, 0.3700000047683716, 0.37400001287460327, 0.3790000081062317, 0.38199999928474426, 0.3869999945163727, 0.3930000066757202, 0.39500001072883606, 0.4000000059604645, 0.4020000100135803, 0.4050000011920929, 0.4090000092983246, 0.41100001335144043, inf, 0.34299999475479126, 0.35100001096725464, 0.3540000021457672, 0.3569999933242798, 0.36399999260902405, 0.36800000071525574, 0.37599998712539673, 0.38499999046325684, 0.38999998569488525, 0.39399999380111694, 0.40400001406669617, 0.4099999964237213, 0.4189999997615814, 0.42500001192092896, 0.43700000643730164, 0.4440000057220459, 0.44999998807907104, 0.4650000035762787, 0.4740000069141388, 0.4909999966621399, 0.5, 0.5189999938011169, 0.527999997138977, 0.5389999747276306, 0.5550000071525574, 0.574999988079071, 0.5870000123977661, inf, inf, 0.9340000152587891, 1.312999963760376, 1.2769999504089355, 1.215999960899353, inf, inf, 0.20800000429153442, 0.20200000703334808, 0.1979999989271164, inf, 0.19499999284744263, 0.19099999964237213, 0.1899999976158142, 0.1889999955892563, 0.1899999976158142, 0.19099999964237213, 0.19300000369548798, 0.19499999284744263, 0.20399999618530273, inf, inf, inf, inf, inf, inf, inf, 3.390000104904175, 3.385999917984009, 3.4149999618530273, 3.197000026702881, 2.318000078201294, 1.4809999465942383, 2.1630001068115234, 2.1389999389648438, 2.821000099182129, inf, 3.2880001068115234, 3.305000066757202, inf, inf, 2.1059999465942383, 2.0339999198913574, 1.9639999866485596, 1.843000054359436, inf, inf, inf, inf, inf, inf, inf, inf, inf, inf, inf, 1.4889999628067017, 1.4980000257492065, 1.5069999694824219, 1.3240000009536743, inf, 1.034000039100647, 1.0199999809265137, 1.0460000038146973, 1.3880000114440918, 1.3949999809265137, 1.3960000276565552, inf, 1.128000020980835, 1.1269999742507935, 1.1369999647140503, 1.1579999923706055, 1.1710000038146973, 1.2510000467300415, 1.215000033378601, 1.1740000247955322, 1.1419999599456787, 1.1269999742507935, 1.1009999513626099, 1.093000054359436, 1.0829999446868896, 1.0829999446868896, 1.0850000381469727, 1.100000023841858, inf, 2.3329999446868896, 2.318000078201294, 2.309999942779541, 2.309999942779541, 2.308000087738037, 2.303999900817871, 2.2980000972747803, 2.2269999980926514, 2.2039999961853027, 2.127000093460083, inf, inf, 0.3709999918937683, 0.3630000054836273, 0.335999995470047, 0.328000009059906, 0.3140000104904175, inf, 0.2939999997615814, 0.28299999237060547, 0.2720000147819519, inf, 0.2639999985694885, 0.26600000262260437, 0.2720000147819519, 0.2750000059604645, 0.2770000100135803, 0.28200000524520874, 0.2840000092983246, 0.28700000047683716, 0.2930000126361847, 0.29600000381469727, 0.29899999499320984, inf, 0.3089999854564667, 0.3160000145435333, 0.3190000057220459, inf, inf, inf, 1.1510000228881836, 1.0490000247955322, 0.9589999914169312, 0.9210000038146973, 0.8610000014305115, 0.8569999933242798, 0.8619999885559082, 0.8679999709129333, 0.8690000176429749, 0.878000020980835, 0.8840000033378601, 0.8920000195503235, 0.8970000147819519, 0.9070000052452087, 0.9150000214576721, 0.9210000038146973, 0.9319999814033508, 0.9380000233650208, inf, inf, 0.9639999866485596, 0.8980000019073486, 0.9480000138282776, 0.9490000009536743, 0.9860000014305115, 0.9819999933242798, 0.9380000233650208, 0.8769999742507935, 0.8709999918937683, inf, 0.8349999785423279, 0.9490000009536743, 0.9369999766349792, 0.9160000085830688, 0.906000018119812, 0.8870000243186951, 0.8679999709129333, 0.8600000143051147, 0.843999981880188, 0.828000009059906, 0.8230000138282776, 0.8080000281333923, 0.8019999861717224, 0.7739999890327454, 0.7279999852180481, 0.718999981880188, 0.7049999833106995, 0.7009999752044678, 0.6909999847412109, 0.6840000152587891, 0.6830000281333923, 0.6819999814033508, 0.7170000076293945, 0.7080000042915344, 0.7059999704360962, 0.6959999799728394, 0.6890000104904175, 0.6880000233650208, 0.6819999814033508, 0.6790000200271606, 0.6740000247955322, 0.6700000166893005, 0.6679999828338623, 0.6660000085830688, 0.6610000133514404, 0.6570000052452087, 0.656000018119812, 0.652999997138977, 0.6510000228881836, 0.6480000019073486, 0.6449999809265137, 0.6449999809265137, 0.6460000276565552, 0.6439999938011169, 0.6430000066757202, 0.6399999856948853, 0.6389999985694885, 0.6399999856948853, 0.640999972820282, 0.640999972820282, 0.6399999856948853, 0.6420000195503235, 0.640999972820282, 0.6430000066757202, 0.6420000195503235, 0.5, 0.492000013589859, 0.4869999885559082, 0.48399999737739563, 0.4830000102519989, 0.48100000619888306, 0.47699999809265137, 0.4729999899864197, 0.4690000116825104, 0.4650000035762787, 0.46299999952316284, 0.460999995470047, 0.4560000002384186, 0.4580000042915344, 0.45399999618530273, 0.4519999921321869, 0.44999998807907104, 0.4480000138282776, 0.44699999690055847, 0.4429999887943268, 0.4429999887943268, 0.44200000166893005, 0.4429999887943268, 0.4440000057220459, 0.4429999887943268, 0.44600000977516174, 0.5490000247955322, 0.5460000038146973, 0.5550000071525574, inf, inf, 0.5759999752044678, 0.5249999761581421]
intensities: [47.0, 47.0, 47.0, 47.0, 47.0, 47.0, 47.0, 47.0, 47.0, 47.0, 47.0, 47.0, 47.0, 47.0, 47.0, 47.0, 47.0, 47.0, 47.0, 47.0, 47.0, 47.0, 47.0, 47.0, 47.0, 47.0, 47.0, 47.0, 47.0, 47.0, 47.0, 47.0, 47.0, 47.0, 47.0, 0.0, 47.0, 47.0, 47.0, 47.0, 0.0, 47.0, 47.0, 47.0, 47.0, 0.0, 47.0, 0.0, 47.0, 47.0, 0.0, 47.0, 47.0, 47.0, 47.0, 47.0, 47.0, 47.0, 47.0, 47.0, 47.0, 47.0, 47.0, 47.0, 47.0, 47.0, 47.0, 47.0, 47.0, 47.0, 47.0, 47.0, 47.0, 47.0, 47.0, 47.0, 47.0, 47.0, 47.0, 47.0, 47.0, 47.0, 47.0, 47.0, 47.0, 47.0, 47.0, 47.0, 0.0, 47.0, 47.0, 47.0, 47.0, 47.0, 47.0, 47.0, 47.0, 47.0, 47.0, 47.0, 47.0, 47.0, 47.0, 47.0, 47.0, 47.0, 47.0, 47.0, 47.0, 47.0, 47.0, 47.0, 47.0, 47.0, 47.0, 47.0, 0.0, 0.0, 47.0, 47.0, 47.0, 47.0, 0.0, 0.0, 47.0, 47.0, 47.0, 0.0, 47.0, 47.0, 47.0, 47.0, 47.0, 47.0, 47.0, 47.0, 47.0, 0.0, 0.0, 0.0, 0.0, 0.0, 0.0, 0.0, 47.0, 47.0, 47.0, 47.0, 47.0, 47.0, 47.0, 47.0, 47.0, 0.0, 47.0, 47.0, 0.0, 0.0, 47.0, 47.0, 47.0, 47.0, 0.0, 0.0, 0.0, 0.0, 0.0, 0.0, 0.0, 0.0, 0.0, 0.0, 0.0, 47.0, 47.0, 47.0, 47.0, 0.0, 47.0, 47.0, 47.0, 47.0, 47.0, 47.0, 0.0, 47.0, 47.0, 47.0, 47.0, 47.0, 47.0, 47.0, 47.0, 47.0, 47.0, 47.0, 47.0, 47.0, 47.0, 47.0, 47.0, 0.0, 47.0, 47.0, 47.0, 47.0, 47.0, 47.0, 47.0, 47.0, 47.0, 47.0, 0.0, 0.0, 47.0, 47.0, 47.0, 47.0, 47.0, 0.0, 47.0, 47.0, 47.0, 0.0, 47.0, 47.0, 47.0, 47.0, 47.0, 47.0, 47.0, 47.0, 47.0, 47.0, 47.0, 0.0, 47.0, 47.0, 47.0, 0.0, 0.0, 0.0, 47.0, 47.0, 47.0, 47.0, 47.0, 47.0, 47.0, 47.0, 47.0, 47.0, 47.0, 47.0, 47.0, 47.0, 47.0, 47.0, 47.0, 47.0, 0.0, 0.0, 47.0, 47.0, 47.0, 47.0, 47.0, 47.0, 47.0, 47.0, 47.0, 0.0, 47.0, 47.0, 47.0, 47.0, 47.0, 47.0, 47.0, 47.0, 47.0, 47.0, 47.0, 47.0, 47.0, 47.0, 47.0, 47.0, 47.0, 47.0, 47.0, 47.0, 47.0, 47.0, 47.0, 47.0, 47.0, 47.0, 47.0, 47.0, 47.0, 47.0, 47.0, 47.0, 47.0, 47.0, 47.0, 47.0, 47.0, 47.0, 47.0, 47.0, 47.0, 47.0, 47.0, 47.0, 47.0, 47.0, 47.0, 47.0, 47.0, 47.0, 47.0, 47.0, 47.0, 47.0, 47.0, 47.0, 47.0, 47.0, 47.0, 47.0, 47.0, 47.0, 47.0, 47.0, 47.0, 47.0, 47.0, 47.0, 47.0, 47.0, 47.0, 47.0, 47.0, 47.0, 47.0, 47.0, 47.0, 47.0, 47.0, 47.0, 47.0, 47.0, 47.0, 47.0, 0.0, 0.0, 47.0, 47.0]
---
