header: 
  seq: 62702
  stamp: 
    secs: 1578759071
    nsecs: 171377616
  frame_id: "laser"
angle_min: -3.12413907051
angle_max: 3.14159274101
angle_increment: 0.0174532923847
time_increment: 0.000378482800443
scan_time: 0.135875329375
range_min: 0.15000000596
range_max: 12.0
ranges: [0.8679999709129333, 0.8510000109672546, 0.8410000205039978, 0.843999981880188, 0.949999988079071, 1.0010000467300415, 0.9380000233650208, 0.8560000061988831, 0.8579999804496765, 1.0920000076293945, 0.9909999966621399, 0.9190000295639038, 0.8870000243186951, 0.8399999737739563, 0.8289999961853027, 0.8190000057220459, 0.8199999928474426, 0.8270000219345093, 0.8320000171661377, 0.8399999737739563, 0.8450000286102295, 0.8560000061988831, 0.8610000014305115, 0.8709999918937683, 0.8790000081062317, 0.890999972820282, 0.8989999890327454, 0.9079999923706055, 0.9210000038146973, 0.9290000200271606, 0.9470000267028809, 0.9559999704360962, 0.9739999771118164, 0.9860000014305115, 1.0089999437332153, 1.0199999809265137, 1.0420000553131104, 1.0549999475479126, 1.069000005722046, 1.1009999513626099, 1.1150000095367432, 1.2089999914169312, 1.225000023841858, 1.694000005722046, 1.6779999732971191, 1.659999966621399, 1.6799999475479126, 1.7079999446868896, 1.7269999980926514, 1.6990000009536743, 1.6710000038146973, 1.652999997138977, 1.6239999532699585, 1.6089999675750732, 1.5839999914169312, 1.5750000476837158, 1.555999994277954, 1.5449999570846558, 1.5219999551773071, 1.5160000324249268, 1.5049999952316284, 1.4900000095367432, 1.4800000190734863, 1.465999960899353, 1.4620000123977661, 1.4470000267028809, 1.440999984741211, 1.4279999732971191, 1.4190000295639038, 1.4149999618530273, 1.406999945640564, 1.3990000486373901, 1.3869999647140503, 1.3839999437332153, 1.3799999952316284, 1.378000020980835, 1.3869999647140503, 1.3849999904632568, 1.4830000400543213, 1.4980000257492065, 1.496999979019165, 1.5, 1.4930000305175781, 1.4850000143051147, 1.4780000448226929, 1.4490000009536743, 1.465000033378601, 1.4559999704360962, 1.4670000076293945, 1.4880000352859497, 1.496000051498413, 1.503999948501587, 1.5140000581741333, 1.5080000162124634, 1.5180000066757202, 1.5210000276565552, 1.5299999713897705, 1.5299999713897705, 1.5420000553131104, 1.5470000505447388, 1.5490000247955322, 1.562999963760376, 1.565000057220459, 1.5839999914169312, 1.5859999656677246, 1.6009999513626099, 1.6119999885559082, 1.475000023841858, 1.4819999933242798, 1.4859999418258667, 1.6460000276565552, 1.6579999923706055, 1.684999942779541, 1.694000005722046, inf, inf, inf, inf, inf, inf, inf, inf, inf, inf, inf, inf, inf, inf, inf, inf, inf, inf, inf, inf, inf, inf, inf, inf, 1.0520000457763672, 1.0499999523162842, 1.0420000553131104, 1.034999966621399, 1.0329999923706055, 1.034000039100647, 1.0360000133514404, 1.0149999856948853, 1.0399999618530273, inf, 0.8650000095367432, 0.8539999723434448, 0.8550000190734863, 0.8650000095367432, 0.8730000257492065, 0.859000027179718, 0.843999981880188, 0.824999988079071, 0.8159999847412109, 0.8009999990463257, 0.796999990940094, 0.7850000262260437, 0.7760000228881836, 0.7749999761581421, 0.7749999761581421, 0.777999997138977, 0.7829999923706055, 0.7990000247955322, 0.8100000023841858, inf, 2.552999973297119, inf, 2.486999988555908, 2.4709999561309814, 2.4679999351501465, 2.4549999237060547, 2.453000068664551, 1.972000002861023, 1.9509999752044678, 1.9299999475479126, 2.503999948501587, 2.51200008392334, 2.5239999294281006, 2.565999984741211, 2.571000099182129, 2.5260000228881836, 2.5409998893737793, 2.5169999599456787, inf, inf, inf, inf, 0.8939999938011169, 0.878000020980835, 0.8519999980926514, 0.847000002861023, 0.8410000205039978, 0.8569999933242798, 0.8659999966621399, 0.8730000257492065, 0.8920000195503235, 0.8999999761581421, 0.9200000166893005, inf, 2.131999969482422, 2.1659998893737793, 2.187000036239624, 1.5809999704360962, 1.6139999628067017, 1.7970000505447388, 1.6039999723434448, 1.5440000295639038, 1.5110000371932983, 1.5169999599456787, 1.4570000171661377, 1.4270000457763672, 1.3969999551773071, 1.3830000162124634, 1.378999948501587, 1.3799999952316284, inf, inf, 0.296999990940094, 0.2879999876022339, inf, 0.25, 0.25699999928474426, inf, 0.2199999988079071, 0.21699999272823334, 0.21199999749660492, 0.20399999618530273, 0.19699999690055847, 0.1940000057220459, 0.18700000643730164, 0.1850000023841858, 0.1850000023841858, 0.18700000643730164, 0.19099999964237213, 0.19300000369548798, 0.19499999284744263, 0.19900000095367432, 0.20100000500679016, 0.2070000022649765, 0.20800000429153442, inf, 0.21699999272823334, 0.22300000488758087, 0.2199999988079071, 0.22599999606609344, 0.2329999953508377, 0.2370000034570694, 0.24400000274181366, inf, inf, inf, inf, inf, inf, 1.9160000085830688, 1.9140000343322754, 1.9119999408721924, 1.9049999713897705, 1.909000039100647, 1.8990000486373901, 1.8969999551773071, 1.8910000324249268, 1.8910000324249268, 1.8799999952316284, 1.8739999532699585, 1.875, 1.875, 1.8849999904632568, 1.8860000371932983, 1.8890000581741333, 1.86899995803833, 1.86899995803833, 1.8580000400543213, 1.8669999837875366, 1.875, 1.8849999904632568, 1.8910000324249268, 1.8960000276565552, 1.9119999408721924, 1.9190000295639038, 1.9299999475479126, 1.934999942779541, 1.9500000476837158, 1.9639999866485596, 1.9780000448226929, 1.9819999933242798, 1.99399995803833, 2.0179998874664307, 2.0369999408721924, 2.0409998893737793, 2.071000099182129, 2.0850000381469727, 2.109999895095825, 2.119999885559082, 2.1559998989105225, 2.2009999752044678, 2.2279999256134033, 2.247999906539917, 2.2200000286102295, 2.1549999713897705, 2.111999988555908, inf, 0.5389999747276306, 0.5370000004768372, 0.5370000004768372, 0.5379999876022339, 0.5389999747276306, 0.5389999747276306, 0.5389999747276306, 0.5400000214576721, 0.5419999957084656, 0.5450000166893005, inf, 1.284000039100647, 1.2230000495910645, 1.2139999866485596, 1.2130000591278076, 1.2209999561309814, 1.1679999828338623, 1.156000018119812, 1.1629999876022339, 1.1720000505447388, 1.2100000381469727, 1.2389999628067017, 1.3509999513626099, 1.4249999523162842, 1.4179999828338623, 1.1390000581741333, 1.1080000400543213, 1.0989999771118164, 1.0880000591278076, 1.0859999656677246, inf, 0.8960000276565552, 0.9120000004768372, 0.9860000014305115, 1.0260000228881836, 1.0640000104904175, 0.9459999799728394, 0.9409999847412109, 0.9470000267028809, 1.090999960899353, 1.0770000219345093, 0.9850000143051147, 0.9649999737739563, 0.9629999995231628, 0.9670000076293945, 0.9700000286102295, 1.0579999685287476, 1.0460000038146973, 1.0390000343322754, 1.0110000371932983, 0.9890000224113464, 0.9810000061988831, 0.968999981880188, 0.9589999914169312, 0.9070000052452087]
intensities: [47.0, 47.0, 47.0, 47.0, 47.0, 47.0, 47.0, 47.0, 47.0, 47.0, 47.0, 47.0, 47.0, 47.0, 47.0, 47.0, 47.0, 47.0, 47.0, 47.0, 47.0, 47.0, 47.0, 47.0, 47.0, 47.0, 47.0, 47.0, 47.0, 47.0, 47.0, 47.0, 47.0, 47.0, 47.0, 47.0, 47.0, 47.0, 47.0, 47.0, 47.0, 47.0, 47.0, 47.0, 47.0, 47.0, 47.0, 47.0, 47.0, 47.0, 47.0, 47.0, 47.0, 47.0, 47.0, 47.0, 47.0, 47.0, 47.0, 47.0, 47.0, 47.0, 47.0, 47.0, 47.0, 47.0, 47.0, 47.0, 47.0, 47.0, 47.0, 47.0, 47.0, 47.0, 47.0, 47.0, 47.0, 47.0, 47.0, 47.0, 47.0, 47.0, 47.0, 47.0, 47.0, 47.0, 47.0, 47.0, 47.0, 47.0, 47.0, 47.0, 47.0, 47.0, 47.0, 47.0, 47.0, 47.0, 47.0, 47.0, 47.0, 47.0, 47.0, 47.0, 47.0, 47.0, 47.0, 47.0, 47.0, 47.0, 47.0, 47.0, 47.0, 47.0, 0.0, 0.0, 0.0, 0.0, 0.0, 0.0, 0.0, 0.0, 0.0, 0.0, 0.0, 0.0, 0.0, 0.0, 0.0, 0.0, 0.0, 0.0, 0.0, 0.0, 0.0, 0.0, 0.0, 0.0, 47.0, 47.0, 47.0, 47.0, 47.0, 47.0, 47.0, 47.0, 47.0, 0.0, 47.0, 47.0, 47.0, 47.0, 47.0, 47.0, 47.0, 47.0, 47.0, 47.0, 47.0, 47.0, 47.0, 47.0, 47.0, 47.0, 47.0, 47.0, 47.0, 0.0, 47.0, 0.0, 47.0, 47.0, 47.0, 47.0, 47.0, 47.0, 47.0, 47.0, 47.0, 47.0, 47.0, 47.0, 47.0, 47.0, 47.0, 47.0, 0.0, 0.0, 0.0, 0.0, 47.0, 47.0, 47.0, 47.0, 47.0, 47.0, 47.0, 47.0, 47.0, 47.0, 47.0, 0.0, 47.0, 47.0, 47.0, 47.0, 47.0, 47.0, 47.0, 47.0, 47.0, 47.0, 47.0, 47.0, 47.0, 47.0, 47.0, 47.0, 0.0, 0.0, 47.0, 47.0, 0.0, 47.0, 47.0, 0.0, 47.0, 47.0, 47.0, 47.0, 47.0, 47.0, 47.0, 47.0, 47.0, 47.0, 47.0, 47.0, 47.0, 47.0, 47.0, 47.0, 47.0, 0.0, 47.0, 47.0, 47.0, 47.0, 47.0, 47.0, 47.0, 0.0, 0.0, 0.0, 0.0, 0.0, 0.0, 47.0, 47.0, 47.0, 47.0, 47.0, 47.0, 47.0, 47.0, 47.0, 47.0, 47.0, 47.0, 47.0, 47.0, 47.0, 47.0, 47.0, 47.0, 47.0, 47.0, 47.0, 47.0, 47.0, 47.0, 47.0, 47.0, 47.0, 47.0, 47.0, 47.0, 47.0, 47.0, 47.0, 47.0, 47.0, 47.0, 47.0, 47.0, 47.0, 47.0, 47.0, 47.0, 47.0, 47.0, 47.0, 47.0, 47.0, 0.0, 47.0, 47.0, 47.0, 47.0, 47.0, 47.0, 47.0, 47.0, 47.0, 47.0, 0.0, 47.0, 47.0, 47.0, 47.0, 47.0, 47.0, 47.0, 47.0, 47.0, 47.0, 47.0, 47.0, 47.0, 47.0, 47.0, 47.0, 47.0, 47.0, 47.0, 0.0, 47.0, 47.0, 47.0, 47.0, 47.0, 47.0, 47.0, 47.0, 47.0, 47.0, 47.0, 47.0, 47.0, 47.0, 47.0, 47.0, 47.0, 47.0, 47.0, 47.0, 47.0, 47.0, 47.0, 47.0]
---
