header: 
  seq: 4850
  stamp: 
    secs: 1576757076
    nsecs: 504359946
  frame_id: "laser"
angle_min: -3.12413907051
angle_max: 3.14159274101
angle_increment: 0.0174532923847
time_increment: 0.000377590651624
scan_time: 0.135555043817
range_min: 0.15000000596
range_max: 12.0
ranges: [0.6190000176429749, 0.6190000176429749, 0.6169999837875366, 0.6179999709129333, 0.6190000176429749, 0.6209999918937683, 0.6230000257492065, 0.6240000128746033, 0.625, 0.625, 0.6269999742507935, 0.6299999952316284, 0.6320000290870667, 0.6340000033378601, 0.6349999904632568, 0.6380000114440918, 0.6399999856948853, 0.6430000066757202, 0.6460000276565552, 0.6499999761581421, 0.6570000052452087, 0.656000018119812, 1.0440000295639038, 1.0080000162124634, 1.121000051498413, 1.0700000524520874, 1.1440000534057617, 1.1469999551773071, 1.152999997138977, 1.1649999618530273, 1.1710000038146973, 1.187999963760376, 1.190999984741211, 1.2079999446868896, 1.2029999494552612, 1.2039999961853027, 1.218000054359436, 1.2239999771118164, 1.284999966621399, 1.2929999828338623, 1.3179999589920044, 1.3279999494552612, 1.3509999513626099, 1.3639999628067017, 1.3940000534057617, inf, inf, 0.2280000001192093, 0.22499999403953552, 0.22699999809265137, 0.22300000488758087, 0.2199999988079071, inf, 0.21699999272823334, 0.21899999678134918, 0.21799999475479126, 0.22200000286102295, 0.2240000069141388, 0.2280000001192093, inf, inf, inf, inf, inf, 1.590000033378601, 1.5700000524520874, 1.5540000200271606, 1.5479999780654907, 1.5290000438690186, 1.5130000114440918, 1.5080000162124634, 1.4889999628067017, 1.4839999675750732, 1.472000002861023, 1.468000054359436, 1.4539999961853027, 1.4459999799728394, 1.4429999589920044, 1.4329999685287476, 1.4299999475479126, 1.4170000553131104, 1.4129999876022339, 1.4119999408721924, 1.406000018119812, 1.399999976158142, 1.3980000019073486, 1.3960000276565552, inf, inf, inf, inf, inf, inf, inf, inf, inf, inf, inf, inf, inf, inf, inf, 0.6309999823570251, 0.609000027179718, 0.5989999771118164, 0.5730000138282776, 0.5669999718666077, 0.5630000233650208, 0.5799999833106995, 0.5839999914169312, 0.5839999914169312, 0.5870000123977661, 0.5950000286102295, inf, inf, 2.740000009536743, inf, inf, 0.578000009059906, 0.5619999766349792, 0.5529999732971191, 0.5490000247955322, inf, 0.38600000739097595, 0.3619999885559082, 0.35600000619888306, 0.34299999475479126, inf, 0.3370000123977661, 0.3310000002384186, 0.33000001311302185, 0.328000009059906, 0.328000009059906, 0.32899999618530273, 0.33000001311302185, 0.3319999873638153, 0.335999995470047, 0.33799999952316284, 0.34200000762939453, 0.34700000286102295, inf, 0.35499998927116394, 0.3659999966621399, 0.3709999918937683, 0.382999986410141, 0.3889999985694885, 0.40299999713897705, 0.41100001335144043, 0.4259999990463257, 0.4339999854564667, 0.4490000009536743, 0.45899999141693115, 0.4659999907016754, 0.48899999260902405, 0.5019999742507935, 0.5139999985694885, 0.5479999780654907, 0.5659999847412109, 0.6140000224113464, 0.6330000162124634, 0.6710000038146973, 0.7170000076293945, 0.718999981880188, 0.8980000019073486, 0.8880000114440918, 0.8830000162124634, 0.878000020980835, 0.8759999871253967, 0.8709999918937683, 0.8679999709129333, 0.8640000224113464, 0.8629999756813049, 0.859000027179718, 0.8560000061988831, 0.8539999723434448, 0.8500000238418579, 0.8489999771118164, 0.8489999771118164, 0.847000002861023, 0.8460000157356262, 0.8460000157356262, 0.8420000076293945, 0.843999981880188, 0.8429999947547913, 0.8460000157356262, 0.8460000157356262, 0.8489999771118164, 0.8479999899864197, 0.8510000109672546, 0.8510000109672546, 0.8560000061988831, 0.8560000061988831, 0.859000027179718, 0.8600000143051147, 0.8619999885559082, 0.8679999709129333, 0.871999979019165, 0.8759999871253967, 0.8809999823570251, 0.8820000290870667, 0.8889999985694885, 0.8920000195503235, 0.9010000228881836, 0.902999997138977, 0.9110000133514404, 0.9139999747276306, 0.9240000247955322, 0.9330000281333923, 0.9390000104904175, 0.9490000009536743, 0.9570000171661377, 0.9670000076293945, 0.9729999899864197, 0.9869999885559082, 0.9950000047683716, 1.0110000371932983, 1.0160000324249268, 1.031999945640564, 1.0390000343322754, 1.0579999685287476, 1.0700000524520874, 1.0880000591278076, 1.1109999418258667, 1.11899995803833, 1.1430000066757202, 1.1579999923706055, 1.180999994277954, 1.1920000314712524, 1.2230000495910645, 1.2389999628067017, 1.2680000066757202, 1.2829999923706055, 1.319000005722046, 1.3359999656677246, 1.3760000467300415, 1.4190000295639038, 1.440000057220459, 1.4579999446868896, 1.5110000371932983, 1.5609999895095825, 1.5870000123977661, 1.6519999504089355, 1.680999994277954, 1.7480000257492065, 1.7869999408721924, 1.7769999504089355, 1.7589999437332153, 1.7389999628067017, 1.7319999933242798, 1.722000002861023, 1.7120000123977661, 1.7130000591278076, 1.7120000123977661, 1.725000023841858, 1.8259999752044678, 1.8960000276565552, 1.9579999446868896, 1.9470000267028809, 1.9290000200271606, 1.9240000247955322, 1.9170000553131104, 1.9119999408721924, 1.8940000534057617, 1.8890000581741333, 1.8869999647140503, 1.8839999437332153, 1.8980000019073486, 1.8619999885559082, 1.8569999933242798, 1.8569999933242798, 1.8530000448226929, 1.8450000286102295, 1.850000023841858, 1.8519999980926514, 1.8309999704360962, 1.7640000581741333, 1.7640000581741333, 1.7690000534057617, 1.7710000276565552, 1.781999945640564, 1.7829999923706055, 1.7940000295639038, 1.7960000038146973, 1.8020000457763672, 1.812999963760376, 1.8220000267028809, 1.8289999961853027, 1.8339999914169312, 1.8559999465942383, 1.8600000143051147, 1.8700000047683716, 1.8940000534057617, 1.899999976158142, 1.9079999923706055, 1.9270000457763672, 1.9470000267028809, 1.9550000429153442, 1.9850000143051147, 1.9930000305175781, 2.010999917984009, 2.0280001163482666, 2.0959999561309814, 2.1010000705718994, 2.0959999561309814, 1.1640000343322754, 1.1299999952316284, 1.0859999656677246, 1.1339999437332153, 0.8730000257492065, 0.8299999833106995, 0.7820000052452087, 0.7680000066757202, 0.7570000290870667, 0.7559999823570251, 0.7599999904632568, 0.8920000195503235, 0.8830000162124634, 0.875, 0.8629999756813049, 0.8569999933242798, 0.8619999885559082, 0.9929999709129333, 0.9869999885559082, 0.9890000224113464, 0.9909999966621399, 1.0, 1.0169999599456787, 1.0570000410079956, inf, 0.7990000247955322, 0.800000011920929, 0.7979999780654907, 0.9359999895095825, 0.921999990940094, 0.9070000052452087, 0.902999997138977, 0.8960000276565552, 0.8970000147819519, inf, 0.6819999814033508, 0.675000011920929, 0.671999990940094, 0.6669999957084656, 0.6629999876022339, 0.6579999923706055, 0.652999997138977, 0.6489999890327454, 0.6470000147819519, 0.6420000195503235, 0.640999972820282, 0.6370000243186951, 0.6340000033378601, 0.6330000162124634, 0.6309999823570251, 0.6309999823570251, 0.628000020980835, 0.6259999871253967, 0.6240000128746033, 0.621999979019165, 0.621999979019165]
intensities: [47.0, 47.0, 47.0, 47.0, 47.0, 47.0, 47.0, 47.0, 47.0, 47.0, 47.0, 47.0, 47.0, 47.0, 47.0, 47.0, 47.0, 47.0, 47.0, 47.0, 47.0, 47.0, 47.0, 47.0, 47.0, 47.0, 47.0, 47.0, 47.0, 47.0, 47.0, 47.0, 47.0, 47.0, 47.0, 47.0, 47.0, 47.0, 47.0, 47.0, 47.0, 47.0, 47.0, 47.0, 47.0, 0.0, 0.0, 47.0, 47.0, 47.0, 47.0, 47.0, 0.0, 47.0, 47.0, 47.0, 47.0, 47.0, 47.0, 0.0, 0.0, 0.0, 0.0, 0.0, 47.0, 47.0, 47.0, 47.0, 47.0, 47.0, 47.0, 47.0, 47.0, 47.0, 47.0, 47.0, 47.0, 47.0, 47.0, 47.0, 47.0, 47.0, 47.0, 47.0, 47.0, 47.0, 47.0, 0.0, 0.0, 0.0, 0.0, 0.0, 0.0, 0.0, 0.0, 0.0, 0.0, 0.0, 0.0, 0.0, 0.0, 0.0, 47.0, 47.0, 47.0, 47.0, 47.0, 47.0, 47.0, 47.0, 47.0, 47.0, 47.0, 0.0, 0.0, 47.0, 0.0, 0.0, 47.0, 47.0, 47.0, 47.0, 0.0, 47.0, 47.0, 47.0, 47.0, 0.0, 47.0, 47.0, 47.0, 47.0, 47.0, 47.0, 47.0, 47.0, 47.0, 47.0, 47.0, 47.0, 0.0, 47.0, 47.0, 47.0, 47.0, 47.0, 47.0, 47.0, 47.0, 47.0, 47.0, 47.0, 47.0, 47.0, 47.0, 47.0, 47.0, 47.0, 47.0, 47.0, 47.0, 47.0, 47.0, 47.0, 47.0, 47.0, 47.0, 47.0, 47.0, 47.0, 47.0, 47.0, 47.0, 47.0, 47.0, 47.0, 47.0, 47.0, 47.0, 47.0, 47.0, 47.0, 47.0, 47.0, 47.0, 47.0, 47.0, 47.0, 47.0, 47.0, 47.0, 47.0, 47.0, 47.0, 47.0, 47.0, 47.0, 47.0, 47.0, 47.0, 47.0, 47.0, 47.0, 47.0, 47.0, 47.0, 47.0, 47.0, 47.0, 47.0, 47.0, 47.0, 47.0, 47.0, 47.0, 47.0, 47.0, 47.0, 47.0, 47.0, 47.0, 47.0, 47.0, 47.0, 47.0, 47.0, 47.0, 47.0, 47.0, 47.0, 47.0, 47.0, 47.0, 47.0, 47.0, 47.0, 47.0, 47.0, 47.0, 47.0, 47.0, 47.0, 47.0, 47.0, 47.0, 47.0, 47.0, 47.0, 47.0, 47.0, 47.0, 47.0, 47.0, 47.0, 47.0, 47.0, 47.0, 47.0, 47.0, 47.0, 47.0, 47.0, 47.0, 47.0, 47.0, 47.0, 47.0, 47.0, 47.0, 47.0, 47.0, 47.0, 47.0, 47.0, 47.0, 47.0, 47.0, 47.0, 47.0, 47.0, 47.0, 47.0, 47.0, 47.0, 47.0, 47.0, 47.0, 47.0, 47.0, 47.0, 47.0, 47.0, 47.0, 47.0, 47.0, 47.0, 47.0, 47.0, 47.0, 47.0, 47.0, 47.0, 47.0, 47.0, 47.0, 47.0, 47.0, 47.0, 47.0, 47.0, 47.0, 47.0, 47.0, 47.0, 47.0, 47.0, 47.0, 47.0, 47.0, 47.0, 47.0, 47.0, 47.0, 47.0, 47.0, 47.0, 47.0, 47.0, 0.0, 47.0, 47.0, 47.0, 47.0, 47.0, 47.0, 47.0, 47.0, 47.0, 0.0, 47.0, 47.0, 47.0, 47.0, 47.0, 47.0, 47.0, 47.0, 47.0, 47.0, 47.0, 47.0, 47.0, 47.0, 47.0, 47.0, 47.0, 47.0, 47.0, 47.0, 47.0]
---
