header: 
  seq: 853
  stamp: 
    secs: 1576759532
    nsecs: 201107394
  frame_id: "laser"
angle_min: -3.12413907051
angle_max: 3.14159274101
angle_increment: 0.0174532923847
time_increment: 0.000377551390557
scan_time: 0.135540947318
range_min: 0.15000000596
range_max: 12.0
ranges: [0.22499999403953552, 0.2240000069141388, 0.22499999403953552, 0.22499999403953552, 0.22499999403953552, 0.22499999403953552, 0.22599999606609344, inf, 0.22699999809265137, 0.2280000001192093, 0.2290000021457672, 0.2280000001192093, 0.23000000417232513, 0.23100000619888306, 0.23199999332427979, 0.23399999737739563, 0.23399999737739563, 0.23600000143051147, 0.23800000548362732, inf, 0.24199999868869781, 0.2409999966621399, inf, inf, inf, inf, inf, 1.0859999656677246, 1.0880000591278076, 1.1019999980926514, 1.1089999675750732, 1.121000051498413, 1.1299999952316284, 1.1440000534057617, 1.149999976158142, 1.1679999828338623, 1.1779999732971191, 1.1959999799728394, 1.2050000429153442, 1.2200000286102295, 1.24399995803833, 1.2549999952316284, 1.2829999923706055, 1.2920000553131104, 1.315000057220459, 1.3320000171661377, 1.3559999465942383, 1.3739999532699585, 1.406000018119812, 1.4249999523162842, 1.4509999752044678, 1.4709999561309814, 1.4190000295639038, 1.3229999542236328, 1.3279999494552612, 1.3380000591278076, 1.343000054359436, 1.3489999771118164, 1.3619999885559082, 1.3700000047683716, 1.3819999694824219, 1.3899999856948853, 1.4839999675750732, 1.472000002861023, 1.444000005722046, 1.430999994277954, 1.406999945640564, 1.3910000324249268, 1.3730000257492065, 1.3589999675750732, 1.3550000190734863, 1.343000054359436, 1.3389999866485596, 1.319000005722046, 1.2949999570846558, 1.2790000438690186, 1.25600004196167, 1.253999948501587, 1.2519999742507935, 1.2549999952316284, 1.2680000066757202, 1.284000039100647, 1.2860000133514404, 1.2940000295639038, 1.2990000247955322, 1.3009999990463257, 1.2990000247955322, 1.2940000295639038, 1.2230000495910645, 1.2239999771118164, 1.2200000286102295, 1.2170000076293945, 1.2170000076293945, 1.2109999656677246, 1.2130000591278076, 1.2109999656677246, 1.2100000381469727, 1.215000033378601, 1.215000033378601, 1.218999981880188, 1.218000054359436, 1.215000033378601, 1.218000054359436, 1.218999981880188, 1.2170000076293945, 1.2690000534057617, 1.284999966621399, 1.3209999799728394, 1.3309999704360962, 1.3509999513626099, 1.3669999837875366, 1.3730000257492065, 1.3849999904632568, 1.3930000066757202, 1.4019999504089355, 1.409000039100647, inf, inf, inf, 1.7619999647140503, 1.7319999933242798, 1.5329999923706055, 1.687000036239624, 1.6510000228881836, 1.4600000381469727, 1.5529999732971191, 1.565000057220459, 1.4329999685287476, 1.3530000448226929, 1.3389999866485596, 1.3389999866485596, 1.347000002861023, 1.3329999446868896, 1.312999963760376, 1.312000036239624, 1.3289999961853027, inf, inf, inf, inf, inf, inf, inf, inf, inf, inf, inf, inf, inf, inf, inf, inf, inf, 0.9800000190734863, 0.9399999976158142, 0.9449999928474426, 0.9559999704360962, 0.972000002861023, 0.9980000257492065, 1.0199999809265137, 1.0160000324249268, 1.0240000486373901, 1.0520000457763672, 1.2059999704360962, 1.190000057220459, 0.953000009059906, 0.9459999799728394, 0.9369999766349792, 0.9350000023841858, 0.9330000281333923, 0.9300000071525574, 0.9290000200271606, 0.921999990940094, 0.9210000038146973, 0.9150000214576721, 0.9160000085830688, 0.9110000133514404, 0.9070000052452087, 0.9110000133514404, 0.9120000004768372, 0.906000018119812, 0.906000018119812, 0.9089999794960022, 0.9089999794960022, 0.9100000262260437, 0.9089999794960022, 0.9110000133514404, 0.9120000004768372, 0.9139999747276306, 0.9160000085830688, 0.9169999957084656, 0.9210000038146973, 0.921999990940094, 0.9259999990463257, 0.9300000071525574, 0.9330000281333923, 0.9359999895095825, 0.9430000185966492, 0.9449999928474426, 0.9520000219345093, 0.9549999833106995, 0.9620000123977661, 0.9649999737739563, 0.9710000157356262, 0.9810000061988831, 0.9879999756813049, 0.9959999918937683, 1.0, inf, inf, inf, 1.0369999408721924, 1.0490000247955322, 1.055999994277954, 1.0700000524520874, 1.0770000219345093, 1.093000054359436, 1.1019999980926514, 1.11899995803833, 1.1390000581741333, 1.1490000486373901, 1.1710000038146973, 1.184000015258789, 1.2059999704360962, 1.2200000286102295, 1.2450000047683716, 1.2589999437332153, 1.284999966621399, 1.3020000457763672, 1.3320000171661377, 1.3489999771118164, 1.3849999904632568, 1.3990000486373901, 1.4490000009536743, 1.409999966621399, 1.3969999551773071, 1.3819999694824219, 1.375, 1.3660000562667847, 1.3619999885559082, inf, inf, 0.38100001215934753, 0.37599998712539673, 0.3720000088214874, 0.36899998784065247, 0.367000013589859, 0.3700000047683716, 0.375, inf, inf, inf, inf, inf, 2.0789999961853027, 2.066999912261963, 2.049999952316284, 2.0390000343322754, 2.0269999504089355, 2.0179998874664307, 2.007999897003174, 1.9989999532699585, 1.9869999885559082, 1.9819999933242798, 1.9759999513626099, 1.9700000286102295, 1.9539999961853027, 1.9520000219345093, 1.9479999542236328, 1.9459999799728394, 1.9429999589920044, 1.9459999799728394, 1.9229999780654907, 1.899999976158142, 1.902999997138977, 1.909000039100647, 1.906000018119812, 1.9149999618530273, 1.9170000553131104, 1.9170000553131104, 1.9210000038146973, 1.9229999780654907, 1.9270000457763672, 1.9320000410079956, 1.9420000314712524, 1.9479999542236328, 1.9520000219345093, 1.9600000381469727, 1.968999981880188, 1.9789999723434448, 1.9900000095367432, 2.002000093460083, 2.0190000534057617, 2.0220000743865967, 2.0439999103546143, 2.052000045776367, 2.071000099182129, 2.078000068664551, 2.119999885559082, 1.225000023841858, 1.1640000343322754, inf, 0.878000020980835, 0.8379999995231628, 0.8040000200271606, 0.7929999828338623, 0.7940000295639038, 0.8059999942779541, 0.9539999961853027, 0.9359999895095825, 0.9089999794960022, 0.890999972820282, 0.8870000243186951, 0.8889999985694885, 0.890999972820282, inf, 0.8669999837875366, 0.871999979019165, 0.875, 0.8759999871253967, 0.8009999990463257, 0.8069999814033508, 0.8100000023841858, 0.796999990940094, 0.7570000290870667, 0.9919999837875366, 0.9300000071525574, 0.9190000295639038, 0.9039999842643738, 0.6809999942779541, 0.6729999780654907, 0.6629999876022339, 0.6589999794960022, 0.6510000228881836, 0.6430000066757202, 0.6389999985694885, 0.6320000290870667, 0.6290000081062317, 0.621999979019165, 0.6150000095367432, 0.6129999756813049, 0.6060000061988831, 0.6039999723434448, 0.6000000238418579, 0.597000002861023, 0.5929999947547913, 0.5889999866485596, 0.5870000123977661, 0.5839999914169312, 0.5820000171661377, inf, 0.2280000001192093, 0.22699999809265137, 0.22599999606609344, inf, 0.22499999403953552, 0.22499999403953552, 0.2240000069141388, 0.22499999403953552, 0.22499999403953552]
intensities: [47.0, 47.0, 47.0, 47.0, 47.0, 47.0, 47.0, 0.0, 47.0, 47.0, 47.0, 47.0, 47.0, 47.0, 47.0, 47.0, 47.0, 47.0, 47.0, 0.0, 47.0, 47.0, 0.0, 0.0, 0.0, 0.0, 0.0, 47.0, 47.0, 47.0, 47.0, 47.0, 47.0, 47.0, 47.0, 47.0, 47.0, 47.0, 47.0, 47.0, 47.0, 47.0, 47.0, 47.0, 47.0, 47.0, 47.0, 47.0, 47.0, 47.0, 47.0, 47.0, 47.0, 47.0, 47.0, 47.0, 47.0, 47.0, 47.0, 47.0, 47.0, 47.0, 47.0, 47.0, 47.0, 47.0, 47.0, 47.0, 47.0, 47.0, 47.0, 47.0, 47.0, 47.0, 47.0, 47.0, 47.0, 47.0, 47.0, 47.0, 47.0, 47.0, 47.0, 47.0, 47.0, 47.0, 47.0, 47.0, 47.0, 47.0, 47.0, 47.0, 47.0, 47.0, 47.0, 47.0, 47.0, 47.0, 47.0, 47.0, 47.0, 47.0, 47.0, 47.0, 47.0, 47.0, 47.0, 47.0, 47.0, 47.0, 47.0, 47.0, 47.0, 47.0, 47.0, 47.0, 0.0, 0.0, 0.0, 47.0, 47.0, 47.0, 47.0, 47.0, 47.0, 47.0, 47.0, 47.0, 47.0, 47.0, 47.0, 47.0, 47.0, 47.0, 47.0, 47.0, 0.0, 0.0, 0.0, 0.0, 0.0, 0.0, 0.0, 0.0, 0.0, 0.0, 0.0, 0.0, 0.0, 0.0, 0.0, 0.0, 0.0, 47.0, 47.0, 47.0, 47.0, 47.0, 47.0, 47.0, 47.0, 47.0, 47.0, 47.0, 47.0, 47.0, 47.0, 47.0, 47.0, 47.0, 47.0, 47.0, 47.0, 47.0, 47.0, 47.0, 47.0, 47.0, 47.0, 47.0, 47.0, 47.0, 47.0, 47.0, 47.0, 47.0, 47.0, 47.0, 47.0, 47.0, 47.0, 47.0, 47.0, 47.0, 47.0, 47.0, 47.0, 47.0, 47.0, 47.0, 47.0, 47.0, 47.0, 47.0, 47.0, 47.0, 47.0, 47.0, 0.0, 0.0, 0.0, 47.0, 47.0, 47.0, 47.0, 47.0, 47.0, 47.0, 47.0, 47.0, 47.0, 47.0, 47.0, 47.0, 47.0, 47.0, 47.0, 47.0, 47.0, 47.0, 47.0, 47.0, 47.0, 47.0, 47.0, 47.0, 47.0, 47.0, 47.0, 47.0, 0.0, 0.0, 47.0, 47.0, 47.0, 47.0, 47.0, 47.0, 47.0, 0.0, 0.0, 0.0, 0.0, 0.0, 47.0, 47.0, 47.0, 47.0, 47.0, 47.0, 47.0, 47.0, 47.0, 47.0, 47.0, 47.0, 47.0, 47.0, 47.0, 47.0, 47.0, 47.0, 47.0, 47.0, 47.0, 47.0, 47.0, 47.0, 47.0, 47.0, 47.0, 47.0, 47.0, 47.0, 47.0, 47.0, 47.0, 47.0, 47.0, 47.0, 47.0, 47.0, 47.0, 47.0, 47.0, 47.0, 47.0, 47.0, 47.0, 47.0, 47.0, 0.0, 47.0, 47.0, 47.0, 47.0, 47.0, 47.0, 47.0, 47.0, 47.0, 47.0, 47.0, 47.0, 47.0, 0.0, 47.0, 47.0, 47.0, 47.0, 47.0, 47.0, 47.0, 47.0, 47.0, 47.0, 47.0, 47.0, 47.0, 47.0, 47.0, 47.0, 47.0, 47.0, 47.0, 47.0, 47.0, 47.0, 47.0, 47.0, 47.0, 47.0, 47.0, 47.0, 47.0, 47.0, 47.0, 47.0, 47.0, 47.0, 0.0, 47.0, 47.0, 47.0, 0.0, 47.0, 47.0, 47.0, 47.0, 47.0]
---
