header: 
  seq: 14096
  stamp: 
    secs: 1576762302
    nsecs: 775714390
  frame_id: "laser"
angle_min: -3.12413907051
angle_max: 3.14159274101
angle_increment: 0.0174532923847
time_increment: 0.000378773198463
scan_time: 0.135979577899
range_min: 0.15000000596
range_max: 12.0
ranges: [1.3209999799728394, 1.3250000476837158, 1.3209999799728394, 1.246999979019165, 1.2380000352859497, 1.2369999885559082, 1.2319999933242798, 1.2309999465942383, 1.2259999513626099, 1.225000023841858, 1.2259999513626099, 1.2209999561309814, 1.2209999561309814, 1.222000002861023, 1.2230000495910645, 1.222000002861023, 1.2200000286102295, 1.2209999561309814, 1.218999981880188, 1.2170000076293945, 1.2400000095367432, 1.2769999504089355, 1.2910000085830688, 1.3229999542236328, 1.3329999446868896, 1.3489999771118164, 1.3530000448226929, 1.3680000305175781, inf, inf, 0.3199999928474426, 0.30799999833106995, 0.30399999022483826, 0.289000004529953, 0.2800000011920929, 0.2759999930858612, 0.2680000066757202, 0.26499998569488525, 0.2540000081062317, 0.24799999594688416, 0.24400000274181366, 0.23899999260902405, 0.24199999868869781, 0.24899999797344208, 0.25200000405311584, 0.2590000033378601, 0.2630000114440918, 0.26600000262260437, 0.27000001072883606, 0.27900001406669617, inf, 0.2840000092983246, 0.2930000126361847, 0.2980000078678131, 0.3100000023841858, 0.3149999976158142, 0.32100000977516174, 0.33500000834465027, inf, inf, inf, inf, inf, 1.003000020980835, 1.0130000114440918, 1.0299999713897705, 1.055999994277954, 1.1009999513626099, 0.7580000162124634, 0.753000020980835, 0.7609999775886536, 0.781000018119812, 0.7990000247955322, inf, 0.8299999833106995, 0.8399999737739563, 0.8489999771118164, 0.8579999804496765, 0.8730000257492065, 0.8989999890327454, 0.9089999794960022, 0.9589999914169312, 0.8870000243186951, 0.8759999871253967, 0.8700000047683716, 0.8730000257492065, 0.8669999837875366, 0.8640000224113464, 0.8610000014305115, 0.8539999723434448, 0.8550000190734863, 0.8489999771118164, 0.8489999771118164, 0.8429999947547913, 0.843999981880188, 0.8420000076293945, 0.8410000205039978, 0.8360000252723694, 0.8360000252723694, 0.8349999785423279, 0.8349999785423279, 0.8309999704360962, 0.8339999914169312, 0.8330000042915344, 0.8360000252723694, 0.8370000123977661, 0.8399999737739563, 0.8399999737739563, 0.8429999947547913, 0.843999981880188, 0.8479999899864197, 0.8500000238418579, 0.8539999723434448, 0.8579999804496765, 0.859000027179718, 0.8640000224113464, 0.8679999709129333, 0.8730000257492065, 0.8759999871253967, 0.8830000162124634, 0.8840000033378601, 0.890999972820282, 0.8960000276565552, 0.902999997138977, 0.9089999794960022, 0.9169999957084656, 0.9240000247955322, 0.9330000281333923, 0.9369999766349792, 0.9480000138282776, 0.9539999961853027, 0.9670000076293945, 0.9789999723434448, 0.9879999756813049, 0.9959999918937683, 1.0110000371932983, 1.0260000228881836, 1.034999966621399, 1.0440000295639038, 1.0640000104904175, 1.0729999542236328, 1.090999960899353, 1.1160000562667847, 1.1260000467300415, 1.152999997138977, 1.1649999618530273, 1.190999984741211, 1.2059999704360962, 1.2350000143051147, 1.253000020980835, 1.2869999408721924, 1.305999994277954, 1.3420000076293945, 1.3630000352859497, 1.4049999713897705, 1.4229999780654907, 1.475000023841858, 1.4980000257492065, 1.5529999732971191, 1.5779999494552612, 1.6380000114440918, 1.6729999780654907, 1.7430000305175781, 1.774999976158142, 1.8600000143051147, 1.8550000190734863, inf, 1.8170000314712524, 1.7990000247955322, 1.7949999570846558, 1.784000039100647, 1.7760000228881836, 1.7869999408721924, inf, 2.006999969482422, inf, 2.0269999504089355, 2.003999948501587, 2.002000093460083, 1.9950000047683716, 1.9830000400543213, 1.9759999513626099, 1.975000023841858, 1.965999960899353, 1.965999960899353, 1.9609999656677246, 1.9479999542236328, 1.9290000200271606, 1.9240000247955322, 1.9259999990463257, 1.9199999570846558, 1.9229999780654907, 1.9210000038146973, 1.909999966621399, 1.8930000066757202, 1.8990000486373901, 1.8890000581741333, 1.899999976158142, 1.8949999809265137, 1.9040000438690186, 1.9079999923706055, 1.9170000553131104, 1.9220000505447388, 1.9259999990463257, 1.937999963760376, 1.9420000314712524, 1.9500000476837158, 1.9559999704360962, 1.9700000286102295, 1.9819999933242798, 1.9919999837875366, 1.9989999532699585, 2.0169999599456787, 2.0220000743865967, 2.0420000553131104, 2.058000087738037, 2.069999933242798, 2.0920000076293945, 2.1110000610351562, 2.1600000858306885, 2.1760001182556152, 1.253999948501587, 1.2430000305175781, 1.1729999780654907, 1.1169999837875366, 0.9290000200271606, 0.8650000095367432, 0.8320000171661377, 0.8259999752044678, 0.47699999809265137, 0.4569999873638153, 0.453000009059906, 0.4490000009536743, 0.45100000500679016, 0.45899999141693115, inf, inf, inf, 0.9070000052452087, 0.9150000214576721, 0.9229999780654907, 0.9240000247955322, 0.8679999709129333, 0.8519999980926514, 0.8579999804496765, 0.8629999756813049, 0.8370000123977661, 0.9900000095367432, 0.9729999899864197, 0.9649999737739563, 0.949999988079071, 0.9470000267028809, 0.7289999723434448, 0.7250000238418579, 0.7160000205039978, 0.7129999995231628, 0.7039999961853027, 0.6959999799728394, 0.6930000185966492, 0.6869999766349792, 0.6830000281333923, 0.6779999732971191, 0.671999990940094, 0.6700000166893005, 0.6639999747276306, 0.6629999876022339, 0.6570000052452087, 0.6549999713897705, 0.652999997138977, 0.6510000228881836, 0.6470000147819519, 0.6449999809265137, 0.6439999938011169, 0.640999972820282, 0.6399999856948853, 0.6380000114440918, 0.6370000243186951, 0.6349999904632568, 0.6349999904632568, 0.6299999952316284, 0.6290000081062317, 0.6290000081062317, 0.6299999952316284, 0.6330000162124634, 0.6349999904632568, 0.6349999904632568, 0.6359999775886536, 0.6370000243186951, 0.6389999985694885, 0.6389999985694885, 0.6420000195503235, 0.6430000066757202, 0.6449999809265137, 0.6470000147819519, inf, inf, 1.0870000123977661, 1.0870000123977661, 1.0839999914169312, 1.1009999513626099, 1.0110000371932983, 1.1200000047683716, 1.1269999742507935, 1.13100004196167, 1.1430000066757202, 1.152999997138977, 1.159999966621399, 1.1670000553131104, 1.1759999990463257, 1.1890000104904175, 1.1979999542236328, 1.2130000591278076, 1.2230000495910645, 1.2389999628067017, 1.25, 1.2680000066757202, 1.2760000228881836, 1.2979999780654907, 1.3079999685287476, 1.3309999704360962, 1.3420000076293945, 1.3660000562667847, 1.378000020980835, 1.409000039100647, 1.4249999523162842, 1.4509999752044678, 1.465000033378601, 1.4989999532699585, 1.5169999599456787, 1.5470000505447388, 1.3760000467300415, 1.3819999694824219, 1.3940000534057617, 1.4160000085830688, 1.4040000438690186, 1.4160000085830688, 1.4210000038146973, 1.4359999895095825, 1.440999984741211, 1.5809999704360962, 1.5149999856948853, 1.475000023841858, 1.4670000076293945, 1.440999984741211, 1.4290000200271606, 1.4079999923706055, 1.3949999809265137, 1.3869999647140503, 1.371999979019165, 1.3630000352859497, 1.3350000381469727, 1.3179999589920044, 1.2940000295639038, 1.284999966621399, 1.281000018119812, 1.2869999408721924, 1.2929999828338623, 1.305999994277954, 1.309000015258789, 1.3170000314712524]
intensities: [47.0, 47.0, 47.0, 47.0, 47.0, 47.0, 47.0, 47.0, 47.0, 47.0, 47.0, 47.0, 47.0, 47.0, 47.0, 47.0, 47.0, 47.0, 47.0, 47.0, 47.0, 47.0, 47.0, 47.0, 47.0, 47.0, 47.0, 47.0, 0.0, 0.0, 47.0, 47.0, 47.0, 47.0, 47.0, 47.0, 47.0, 47.0, 47.0, 47.0, 47.0, 47.0, 47.0, 47.0, 47.0, 47.0, 47.0, 47.0, 47.0, 47.0, 0.0, 47.0, 47.0, 47.0, 47.0, 47.0, 47.0, 47.0, 0.0, 0.0, 0.0, 0.0, 0.0, 47.0, 47.0, 47.0, 47.0, 47.0, 47.0, 47.0, 47.0, 47.0, 47.0, 0.0, 47.0, 47.0, 47.0, 47.0, 47.0, 47.0, 47.0, 47.0, 47.0, 47.0, 47.0, 47.0, 47.0, 47.0, 47.0, 47.0, 47.0, 47.0, 47.0, 47.0, 47.0, 47.0, 47.0, 47.0, 47.0, 47.0, 47.0, 47.0, 47.0, 47.0, 47.0, 47.0, 47.0, 47.0, 47.0, 47.0, 47.0, 47.0, 47.0, 47.0, 47.0, 47.0, 47.0, 47.0, 47.0, 47.0, 47.0, 47.0, 47.0, 47.0, 47.0, 47.0, 47.0, 47.0, 47.0, 47.0, 47.0, 47.0, 47.0, 47.0, 47.0, 47.0, 47.0, 47.0, 47.0, 47.0, 47.0, 47.0, 47.0, 47.0, 47.0, 47.0, 47.0, 47.0, 47.0, 47.0, 47.0, 47.0, 47.0, 47.0, 47.0, 47.0, 47.0, 47.0, 47.0, 47.0, 47.0, 47.0, 47.0, 47.0, 47.0, 47.0, 0.0, 47.0, 47.0, 47.0, 47.0, 47.0, 47.0, 0.0, 47.0, 0.0, 47.0, 47.0, 47.0, 47.0, 47.0, 47.0, 47.0, 47.0, 47.0, 47.0, 47.0, 47.0, 47.0, 47.0, 47.0, 47.0, 47.0, 47.0, 47.0, 47.0, 47.0, 47.0, 47.0, 47.0, 47.0, 47.0, 47.0, 47.0, 47.0, 47.0, 47.0, 47.0, 47.0, 47.0, 47.0, 47.0, 47.0, 47.0, 47.0, 47.0, 47.0, 47.0, 47.0, 47.0, 47.0, 47.0, 47.0, 47.0, 47.0, 47.0, 47.0, 47.0, 47.0, 47.0, 47.0, 47.0, 47.0, 47.0, 47.0, 0.0, 0.0, 0.0, 47.0, 47.0, 47.0, 47.0, 47.0, 47.0, 47.0, 47.0, 47.0, 47.0, 47.0, 47.0, 47.0, 47.0, 47.0, 47.0, 47.0, 47.0, 47.0, 47.0, 47.0, 47.0, 47.0, 47.0, 47.0, 47.0, 47.0, 47.0, 47.0, 47.0, 47.0, 47.0, 47.0, 47.0, 47.0, 47.0, 47.0, 47.0, 47.0, 47.0, 47.0, 47.0, 47.0, 47.0, 47.0, 47.0, 47.0, 47.0, 47.0, 47.0, 47.0, 47.0, 47.0, 47.0, 47.0, 47.0, 0.0, 0.0, 47.0, 47.0, 47.0, 47.0, 47.0, 47.0, 47.0, 47.0, 47.0, 47.0, 47.0, 47.0, 47.0, 47.0, 47.0, 47.0, 47.0, 47.0, 47.0, 47.0, 47.0, 47.0, 47.0, 47.0, 47.0, 47.0, 47.0, 47.0, 47.0, 47.0, 47.0, 47.0, 47.0, 47.0, 47.0, 47.0, 47.0, 47.0, 47.0, 47.0, 47.0, 47.0, 47.0, 47.0, 47.0, 47.0, 47.0, 47.0, 47.0, 47.0, 47.0, 47.0, 47.0, 47.0, 47.0, 47.0, 47.0, 47.0, 47.0, 47.0, 47.0, 47.0, 47.0, 47.0]
---
